# 배열 생성
y <- c(1,2,3,4,5,6)
# 2행 2열 3차원 배열 생성
array(y ,dim=c(2,2,2))


y <- c(1,2,3,4,5,6,7,8,9)
array(y ,dim=c(3,3,3))
